[cosmological_parameters]
omega_m      =  0.1     0.3     0.9
omega_m_growth= 0.24    0.3     0.4 ; EuclidEmu 0.24-0.4
omega_m_early=  0.1     0.3     0.9
h0           =  0.61    0.69    0.73 ; EuclidEmu 0.61-0.73
omega_b      =  0.04    0.048   0.06 ; EuclidEmu 0.04-0.06
n_s          =  0.92    0.97    1.0  ; EuclidEmu 0.92-1
A_s          =  1.7e-09 2.19e-9 2.5e-09 ; EuclidEmu 1.7-2.5
w            =  -1.0
; rdh          = 10.0  100.0  1000.0

; Old parameter names from original cosmosis version
; omnuh2       =  0.0006  0.00083 0.00644
; massive_nu   =  3
; massless_nu  =  0.046

; New parametrization and names:
mnu = 0.0  0.06   0.15
num_massive_neutrinos = 3
nnu = 3.046

omega_k      =  0.0
tau          =  0.05 0.0697186 0.08

;helium 
yhe = 0.245341  ;helium mass fraction
;inflation Parameters
k_s = 0.05      ;Power spectrum pivot scale 
n_run = 0.0     ;running of scalar spectrum 
r_t = 0.0       ;tensor to scalar ratio
n_t = 0.0       ;tensor spectral index 

;A_lens for the CMB
A_lens = 0.0  1.0  2.0

[shear_calibration_parameters]
m1 = -0.1  0.0  0.1
m2 = -0.1  0.0  0.1 
m3 = -0.1  0.0  0.1
m4 = -0.1  0.0  0.1

[wl_photoz_errors]
bias_1 = -0.1   0.0   0.1
bias_2 = -0.1   0.0   0.1
bias_3 = -0.1   0.0   0.1
bias_4 = -0.1   0.0   0.1

[lens_photoz_errors]
bias_1 = -0.05  0.0  0.05
bias_2 = -0.05  0.0  0.05
bias_3 = -0.05  0.0  0.05
bias_4 = -0.05  0.0  0.05
bias_5 = -0.05  0.0  0.05
width_1 = 1.0
width_2 = 1.0
width_3 = 1.0
width_4 = 1.0
width_5 = 0.1 1.0 1.9

[bias_lens]
b1 = 0.8  1.7   3.0
b2 = 0.8  1.7   3.0
b3 = 0.8  1.7   3.0
b4 = 0.8  2.0   3.0
b5 = 0.8  2.0   3.0

[mag_alpha_lens]
alpha_1 =  1.31
alpha_2 = -0.52
alpha_3 =  0.34
alpha_4 =  2.25
alpha_5 =  1.97

[intrinsic_alignment_parameters]
z_piv   =  0.62
A1      = -5.0   0.7  5.0
A2      =  0.0
alpha1  = -5.0  -1.7  5.0
alpha2  =  -2.5
bias_ta =  0.0

[supernova_params]
m  =  -21.0  -19.20  -18.0

[planck]
a_planck          = 1.0     
A_cib_217         = 67.0   
A_sz              = 7.0   
ps_A_100_100      = 257.0  
ps_A_143_143      = 47.0   
ps_A_143_217      = 40.0   
ps_A_217_217      = 104.0  
ksz_norm          = 0.0  
gal545_A_100      = 8.6   
gal545_A_143      = 10.6  
gal545_A_143_217  = 23.5
gal545_A_217      = 91.9    
galf_TE_A_100     = 0.13   
galf_TE_A_100_143 = 0.13   
galf_TE_A_100_217 = 0.46  
galf_TE_A_143     = 0.207  
galf_TE_A_143_217 = 0.69     
galf_TE_A_217     = 1.938  
calib_100T        = 1.0002  
calib_217T        = 0.99805 

A_pol             = 1.0
; CIB
cib_index  = -1.3
;Dust priors
galf_ee_a_100     = 0.055
galf_ee_a_100_143 = 0.040 
galf_ee_a_100_217 = 0.094 
galf_ee_a_143     = 0.086 
galf_ee_a_143_217 = 0.21 
galf_ee_a_217     = 0.70
galf_ee_index     =-2.4
galf_te_index     =-2.4

calib_100p = 1.021
calib_143p = 0.966
calib_217p = 1.040

; EE End2End correlated noise
; should always be set to one (parameter are multiplicative factors)
A_cnoise_e2e_100_100_EE = 1.0
A_cnoise_e2e_143_143_EE = 1.0
A_cnoise_e2e_217_217_EE = 1.0

A_sbpx_100_100_TT = 1.0
A_sbpx_143_143_TT = 1.0
A_sbpx_143_217_TT = 1.0
A_sbpx_217_217_TT = 1.0

A_sbpx_100_100_EE = 1.0
A_sbpx_100_143_EE = 1.0
A_sbpx_100_217_EE = 1.0
A_sbpx_143_143_EE = 1.0
A_sbpx_143_217_EE = 1.0
A_sbpx_217_217_EE = 1.0

; SZ CIB cross-correlation, best guess to set to 0
xi_sz_cib = 0.0



