[cosmological_parameters]
omega_m      =  0.1     0.3     0.9
omega_m_growth= 0.24    0.35     0.4 ; EuclidEmu 0.24-0.4
h0           =  0.61    0.677   0.73 ; EuclidEmu 0.61-0.73
omega_b      =  0.04    0.048   0.06 ; EuclidEmu 0.04-0.06
n_s          =  0.92    0.96    1.0  ; EuclidEmu 0.92-1
A_s          =  1.7e-09 2e-9    2.5e-09 ; EuclidEmu 1.7-2.5
w            =  -1.0
; rdh          = 10.0  100.0  1000.0

; Old parameter names from original cosmosis version
; omnuh2       =  0.0006  0.00083 0.00644
; massive_nu   =  3
; massless_nu  =  0.046

; New parametrization and names:
mnu = 0.0  0.0   0.15
num_massive_neutrinos = 3
nnu = 3.046

omega_k      =  0.0
tau          =  0.0697186

[halo_model_parameters]
A  =  3.13

[shear_calibration_parameters]
m1 = -0.1  0.0  0.1
m2 = -0.1  0.0  0.1 
m3 = -0.1  0.0  0.1
m4 = -0.1  0.0  0.1

[wl_photoz_errors]
bias_1 = -0.1   0.0   0.1
bias_2 = -0.1   0.0   0.1
bias_3 = -0.1   0.0   0.1
bias_4 = -0.1   0.0   0.1

[lens_photoz_errors]
bias_1 = -0.05  0.0  0.05
bias_2 = -0.05  0.0  0.05
bias_3 = -0.05  0.0  0.05
bias_4 = -0.05  0.0  0.05
bias_5 = -0.05  0.0  0.05
width_1 = 1.0
width_2 = 1.0
width_3 = 1.0
width_4 = 1.0
width_5 = 0.1 1.0 1.9

[bias_lens]
b1 = 0.8  1.7   3.0
b2 = 0.8  1.7   3.0
b3 = 0.8  1.7   3.0
b4 = 0.8  2.0   3.0
b5 = 0.8  2.0   3.0

[mag_alpha_lens]
alpha_1 =  1.31
alpha_2 = -0.52
alpha_3 =  0.34
alpha_4 =  2.25
alpha_5 =  1.97

[intrinsic_alignment_parameters]
z_piv   =  0.62
A1      = -5.0   0.7  5.0
A2      =  0.0
alpha1  = -5.0  -1.7  5.0
alpha2  =  -2.5
bias_ta =  0.0