[cosmological_parameters]
omega_m      =  0.1     0.3     0.9
h0           =  0.55    0.69    0.91
omega_b      =  0.03    0.048   0.07
n_s          =  0.87    0.97    1.07
A_s          =  0.5e-09 2.19e-9 5.0e-09

;neutrinos
mnu = 0.0 0.0773 0.6
nnu = 3.046
num_massive_neutrinos = 1

;helium 
yhe = 0.245341  ;helium mass fraction

omega_k      =  0.0

;reionization
tau = 0.05 0.0697186 0.075   ;reionization optical depth

;inflation Parameters
k_s = 0.05      ;Power spectrum pivot scale 
n_run = 0.0     ;running of scalar spectrum 
r_t = 0.0       ;tensor to scalar ratio
n_t = 0.0       ;tensor spectral index 

; A_lens for the CMB
A_lens = 0.0  1.0  2.0

;dark energy equation of state
w = -1.0   ;equation of state of dark energy

[planck]
a_planck          = 1.0     
A_cib_217         = 67.0   
A_sz              = 7.0   
ps_A_100_100      = 257.0  
ps_A_143_143      = 47.0   
ps_A_143_217      = 40.0   
ps_A_217_217      = 104.0  
ksz_norm          = 0.0  
gal545_A_100      = 8.6   
gal545_A_143      = 10.6  
gal545_A_143_217  = 23.5
gal545_A_217      = 91.9    
galf_TE_A_100     = 0.13   
galf_TE_A_100_143 = 0.13   
galf_TE_A_100_217 = 0.46  
galf_TE_A_143     = 0.207  
galf_TE_A_143_217 = 0.69     
galf_TE_A_217     = 1.938  
calib_100T        = 1.0002  
calib_217T        = 0.99805 

A_pol             = 1.0
; CIB
cib_index  = -1.3
;Dust priors
galf_ee_a_100     = 0.055
galf_ee_a_100_143 = 0.040 
galf_ee_a_100_217 = 0.094 
galf_ee_a_143     = 0.086 
galf_ee_a_143_217 = 0.21 
galf_ee_a_217     = 0.70
galf_ee_index     =-2.4
galf_te_index     =-2.4

calib_100p = 1.021
calib_143p = 0.966
calib_217p = 1.040

; EE End2End correlated noise
; should always be set to one (parameter are multiplicative factors)
A_cnoise_e2e_100_100_EE = 1.0
A_cnoise_e2e_143_143_EE = 1.0
A_cnoise_e2e_217_217_EE = 1.0

A_sbpx_100_100_TT = 1.0
A_sbpx_143_143_TT = 1.0
A_sbpx_143_217_TT = 1.0
A_sbpx_217_217_TT = 1.0

A_sbpx_100_100_EE = 1.0
A_sbpx_100_143_EE = 1.0
A_sbpx_100_217_EE = 1.0
A_sbpx_143_143_EE = 1.0
A_sbpx_143_217_EE = 1.0
A_sbpx_217_217_EE = 1.0

; SZ CIB cross-correlation, best guess to set to 0
xi_sz_cib = 0.0